% time	cellId	IMSI	frame	sframe	RNTI	mcs	size
0.033	1	1	4	4	1	0	85
0.049	1	1	5	10	1	2	137
0.05	1	1	6	1	1	2	137
0.051	1	1	6	2	1	2	137
0.052	1	1	6	3	1	2	137
0.053	1	1	6	4	1	2	137
0.054	1	1	6	5	1	2	137
0.055	1	1	6	6	1	2	137
0.056	1	1	6	7	1	2	137
0.057	1	1	6	8	1	2	137
0.058	1	1	6	9	1	2	137
0.059	1	1	6	10	1	2	137
0.06	1	1	7	1	1	2	137
0.061	1	1	7	2	1	2	137
0.062	1	1	7	3	1	2	137
0.063	1	1	7	4	1	2	137
0.064	1	1	7	5	1	2	137
0.065	1	1	7	6	1	2	137
0.066	1	1	7	7	1	2	137
0.067	1	1	7	8	1	2	137
0.068	1	1	7	9	1	2	137
0.069	1	1	7	10	1	2	137
0.07	1	1	8	1	1	2	137
0.071	1	1	8	2	1	2	137
0.072	1	1	8	3	1	2	137
0.073	1	1	8	4	1	2	137
0.074	1	1	8	5	1	2	137
0.075	1	1	8	6	1	2	137
0.076	1	1	8	7	1	2	137
0.077	1	1	8	8	1	2	137
0.078	1	1	8	9	1	2	137
0.079	1	1	8	10	1	2	137
0.08	1	1	9	1	1	2	137
0.081	1	1	9	2	1	2	137
0.082	1	1	9	3	1	2	137
0.083	1	1	9	4	1	2	137
0.084	1	1	9	5	1	2	137
0.085	1	1	9	6	1	2	137
0.086	1	1	9	7	1	2	137
0.087	1	1	9	8	1	2	137
0.088	1	1	9	9	1	2	137
0.089	1	1	9	10	1	2	137
0.09	1	1	10	1	1	2	137
0.091	1	1	10	2	1	2	137
0.092	1	1	10	3	1	2	137
0.093	1	1	10	4	1	2	137
0.094	1	1	10	5	1	2	137
0.095	1	1	10	6	1	2	137
0.096	1	1	10	7	1	2	137
0.097	1	1	10	8	1	2	137
0.098	1	1	10	9	1	2	137
0.099	1	1	10	10	1	2	137
0.1	1	1	11	1	1	2	137
0.101	1	1	11	2	1	2	137
0.102	1	1	11	3	1	2	137
0.103	1	1	11	4	1	2	137
0.104	1	1	11	5	1	2	137
0.105	1	1	11	6	1	2	137
0.106	1	1	11	7	1	2	137
0.107	1	1	11	8	1	2	137
0.108	1	1	11	9	1	2	137
0.109	1	1	11	10	1	2	137
0.11	1	1	12	1	1	2	137
0.111	1	1	12	2	1	2	137
0.112	1	1	12	3	1	2	137
0.113	1	1	12	4	1	2	137
0.114	1	1	12	5	1	2	137
0.115	1	1	12	6	1	2	137
0.116	1	1	12	7	1	2	137
0.117	1	1	12	8	1	2	137
0.118	1	1	12	9	1	2	137
0.119	1	1	12	10	1	2	137
0.12	1	1	13	1	1	2	137
0.121	1	1	13	2	1	2	137
0.122	1	1	13	3	1	2	137
0.123	1	1	13	4	1	2	137
0.124	1	1	13	5	1	2	137
0.125	1	1	13	6	1	2	137
0.126	1	1	13	7	1	2	137
0.127	1	1	13	8	1	2	137
0.128	1	1	13	9	1	2	137
0.129	1	1	13	10	1	2	137
0.13	1	1	14	1	1	2	137
0.131	1	1	14	2	1	2	137
0.132	1	1	14	3	1	2	137
0.133	1	1	14	4	1	2	137
0.134	1	1	14	5	1	2	137
0.135	1	1	14	6	1	2	137
0.136	1	1	14	7	1	2	137
0.137	1	1	14	8	1	2	137
0.138	1	1	14	9	1	2	137
0.139	1	1	14	10	1	2	137
0.14	1	1	15	1	1	2	137
0.141	1	1	15	2	1	2	137
0.142	1	1	15	3	1	2	137
0.143	1	1	15	4	1	2	137
0.144	1	1	15	5	1	2	137
0.145	1	1	15	6	1	2	137
0.146	1	1	15	7	1	2	137
0.147	1	1	15	8	1	2	137
0.148	1	1	15	9	1	2	137
0.149	1	1	15	10	1	2	137
0.15	1	1	16	1	1	2	137
0.151	1	1	16	2	1	2	137
0.152	1	1	16	3	1	2	137
0.153	1	1	16	4	1	2	137
0.154	1	1	16	5	1	2	137
0.155	1	1	16	6	1	2	137
0.156	1	1	16	7	1	2	137
0.157	1	1	16	8	1	2	137
0.158	1	1	16	9	1	2	137
0.159	1	1	16	10	1	2	137
0.16	1	1	17	1	1	2	137
0.161	1	1	17	2	1	2	137
0.162	1	1	17	3	1	2	137
0.163	1	1	17	4	1	2	137
0.164	1	1	17	5	1	2	137
0.165	1	1	17	6	1	2	137
0.166	1	1	17	7	1	2	137
0.167	1	1	17	8	1	2	137
0.168	1	1	17	9	1	2	137
0.169	1	1	17	10	1	2	137
0.17	1	1	18	1	1	2	137
0.171	1	1	18	2	1	2	137
0.172	1	1	18	3	1	2	137
0.173	1	1	18	4	1	2	137
0.174	1	1	18	5	1	2	137
0.175	1	1	18	6	1	2	137
0.176	1	1	18	7	1	2	137
0.177	1	1	18	8	1	2	137
0.178	1	1	18	9	1	2	137
0.179	1	1	18	10	1	2	137
0.18	1	1	19	1	1	2	137
0.181	1	1	19	2	1	2	137
0.182	1	1	19	3	1	2	137
0.183	1	1	19	4	1	2	137
0.184	1	1	19	5	1	2	137
0.185	1	1	19	6	1	2	137
0.186	1	1	19	7	1	2	137
0.187	1	1	19	8	1	2	137
0.188	1	1	19	9	1	2	137
0.189	1	1	19	10	1	2	137
0.19	1	1	20	1	1	2	137
0.191	1	1	20	2	1	2	137
0.192	1	1	20	3	1	2	137
0.193	1	1	20	4	1	2	137
0.194	1	1	20	5	1	2	137
0.195	1	1	20	6	1	2	137
0.196	1	1	20	7	1	2	137
0.197	1	1	20	8	1	2	137
0.198	1	1	20	9	1	2	137
0.199	1	1	20	10	1	2	137
0.2	1	1	21	1	1	2	137
0.201	1	1	21	2	1	2	137
0.202	1	1	21	3	1	2	137
0.203	1	1	21	4	1	2	137
0.204	1	1	21	5	1	2	137
0.205	1	1	21	6	1	2	137
0.206	1	1	21	7	1	2	137
0.207	1	1	21	8	1	2	137
0.208	1	1	21	9	1	2	137
0.209	1	1	21	10	1	2	137
0.21	1	1	22	1	1	2	137
0.211	1	1	22	2	1	2	137
0.212	1	1	22	3	1	2	137
0.213	1	1	22	4	1	2	137
0.214	1	1	22	5	1	2	137
0.215	1	1	22	6	1	2	137
0.216	1	1	22	7	1	2	137
0.217	1	1	22	8	1	2	137
0.218	1	1	22	9	1	2	137
0.219	1	1	22	10	1	2	137
0.22	1	1	23	1	1	2	137
0.221	1	1	23	2	1	2	137
0.222	1	1	23	3	1	2	137
0.223	1	1	23	4	1	2	137
0.224	1	1	23	5	1	2	137
0.225	1	1	23	6	1	2	137
0.226	1	1	23	7	1	2	137
0.227	1	1	23	8	1	2	137
0.228	1	1	23	9	1	2	137
0.229	1	1	23	10	1	2	137
0.23	1	1	24	1	1	2	137
0.231	1	1	24	2	1	2	137
0.232	1	1	24	3	1	2	137
0.233	1	1	24	4	1	2	137
0.234	1	1	24	5	1	2	137
0.235	1	1	24	6	1	2	137
0.236	1	1	24	7	1	2	137
0.237	1	1	24	8	1	2	137
0.238	1	1	24	9	1	2	137
0.239	1	1	24	10	1	2	137
0.24	1	1	25	1	1	2	137
0.241	1	1	25	2	1	2	137
0.242	1	1	25	3	1	2	137
0.243	1	1	25	4	1	2	137
0.244	1	1	25	5	1	2	137
0.245	1	1	25	6	1	2	137
0.246	1	1	25	7	1	2	137
0.247	1	1	25	8	1	2	137
0.248	1	1	25	9	1	2	137
0.249	1	1	25	10	1	2	137
0.25	1	1	26	1	1	2	137
0.251	1	1	26	2	1	2	137
0.252	1	1	26	3	1	2	137
0.253	1	1	26	4	1	2	137
0.254	1	1	26	5	1	2	137
0.255	1	1	26	6	1	2	137
0.256	1	1	26	7	1	2	137
0.257	1	1	26	8	1	2	137
0.258	1	1	26	9	1	2	137
0.259	1	1	26	10	1	2	137
0.26	1	1	27	1	1	2	137
0.261	1	1	27	2	1	2	137
0.262	1	1	27	3	1	2	137
0.263	1	1	27	4	1	2	137
0.264	1	1	27	5	1	2	137
0.265	1	1	27	6	1	2	137
0.266	1	1	27	7	1	2	137
0.267	1	1	27	8	1	2	137
0.268	1	1	27	9	1	2	137
0.269	1	1	27	10	1	2	137
0.27	1	1	28	1	1	2	137
0.271	1	1	28	2	1	2	137
0.272	1	1	28	3	1	2	137
0.273	1	1	28	4	1	2	137
0.274	1	1	28	5	1	2	137
0.275	1	1	28	6	1	2	137
0.276	1	1	28	7	1	2	137
0.277	1	1	28	8	1	2	137
0.278	1	1	28	9	1	2	137
0.279	1	1	28	10	1	2	137
0.28	1	1	29	1	1	2	137
0.281	1	1	29	2	1	2	137
0.282	1	1	29	3	1	2	137
0.283	1	1	29	4	1	2	137
0.284	1	1	29	5	1	2	137
0.285	1	1	29	6	1	2	137
0.286	1	1	29	7	1	2	137
0.287	1	1	29	8	1	2	137
0.288	1	1	29	9	1	2	137
0.289	1	1	29	10	1	2	137
0.29	1	1	30	1	1	2	137
0.291	1	1	30	2	1	2	137
0.292	1	1	30	3	1	2	137
0.293	1	1	30	4	1	2	137
0.294	1	1	30	5	1	2	137
0.295	1	1	30	6	1	2	137
0.296	1	1	30	7	1	2	137
0.297	1	1	30	8	1	2	137
0.298	1	1	30	9	1	2	137
0.299	1	1	30	10	1	2	137
0.3	1	1	31	1	1	2	137
0.301	1	1	31	2	1	2	137
0.302	1	1	31	3	1	2	137
0.303	1	1	31	4	1	2	137
0.304	1	1	31	5	1	2	137
0.305	1	1	31	6	1	2	137
0.306	1	1	31	7	1	2	137
0.307	1	1	31	8	1	2	137
0.308	1	1	31	9	1	2	137
0.309	1	1	31	10	1	2	137
0.31	1	1	32	1	1	2	137
0.311	1	1	32	2	1	2	137
0.312	1	1	32	3	1	2	137
0.313	1	1	32	4	1	2	137
0.314	1	1	32	5	1	2	137
0.315	1	1	32	6	1	2	137
0.316	1	1	32	7	1	2	137
0.317	1	1	32	8	1	2	137
0.318	1	1	32	9	1	2	137
0.319	1	1	32	10	1	2	137
0.32	1	1	33	1	1	2	137
0.321	1	1	33	2	1	2	137
0.322	1	1	33	3	1	2	137
0.323	1	1	33	4	1	2	137
0.324	1	1	33	5	1	2	137
0.325	1	1	33	6	1	2	137
0.326	1	1	33	7	1	2	137
0.327	1	1	33	8	1	2	137
0.328	1	1	33	9	1	2	137
0.329	1	1	33	10	1	2	137
0.33	1	1	34	1	1	2	137
0.331	1	1	34	2	1	2	137
0.332	1	1	34	3	1	2	137
0.333	1	1	34	4	1	2	137
0.334	1	1	34	5	1	2	137
0.335	1	1	34	6	1	2	137
0.336	1	1	34	7	1	2	137
0.337	1	1	34	8	1	2	137
0.338	1	1	34	9	1	2	137
0.339	1	1	34	10	1	2	137
0.34	1	1	35	1	1	2	137
0.341	1	1	35	2	1	2	137
0.342	1	1	35	3	1	2	137
0.343	1	1	35	4	1	2	137
0.344	1	1	35	5	1	2	137
0.345	1	1	35	6	1	2	137
0.346	1	1	35	7	1	2	137
0.347	1	1	35	8	1	2	137
0.348	1	1	35	9	1	2	137
0.349	1	1	35	10	1	2	137
0.35	1	1	36	1	1	2	137
0.351	1	1	36	2	1	2	137
0.352	1	1	36	3	1	2	137
0.353	1	1	36	4	1	2	137
0.354	1	1	36	5	1	2	137
0.355	1	1	36	6	1	2	137
0.356	1	1	36	7	1	2	137
0.357	1	1	36	8	1	2	137
0.358	1	1	36	9	1	2	137
0.359	1	1	36	10	1	2	137
0.36	1	1	37	1	1	2	137
0.361	1	1	37	2	1	2	137
0.362	1	1	37	3	1	2	137
0.363	1	1	37	4	1	2	137
0.364	1	1	37	5	1	2	137
0.365	1	1	37	6	1	2	137
0.366	1	1	37	7	1	2	137
0.367	1	1	37	8	1	2	137
0.368	1	1	37	9	1	2	137
0.369	1	1	37	10	1	2	137
0.37	1	1	38	1	1	2	137
0.371	1	1	38	2	1	2	137
0.372	1	1	38	3	1	2	137
0.373	1	1	38	4	1	2	137
0.374	1	1	38	5	1	2	137
0.375	1	1	38	6	1	2	137
0.376	1	1	38	7	1	2	137
0.377	1	1	38	8	1	2	137
0.378	1	1	38	9	1	2	137
0.379	1	1	38	10	1	2	137
0.38	1	1	39	1	1	2	137
0.381	1	1	39	2	1	2	137
0.382	1	1	39	3	1	2	137
0.383	1	1	39	4	1	2	137
0.384	1	1	39	5	1	2	137
0.385	1	1	39	6	1	2	137
0.386	1	1	39	7	1	2	137
0.387	1	1	39	8	1	2	137
0.388	1	1	39	9	1	2	137
0.389	1	1	39	10	1	2	137
0.39	1	1	40	1	1	2	137
0.391	1	1	40	2	1	2	137
0.392	1	1	40	3	1	2	137
0.393	1	1	40	4	1	2	137
0.394	1	1	40	5	1	2	137
0.395	1	1	40	6	1	2	137
0.396	1	1	40	7	1	2	137
0.397	1	1	40	8	1	2	137
0.398	1	1	40	9	1	2	137
0.399	1	1	40	10	1	2	137
0.4	1	1	41	1	1	2	137
0.401	1	1	41	2	1	2	137
0.402	1	1	41	3	1	2	137
0.403	1	1	41	4	1	2	137
0.404	1	1	41	5	1	2	137
0.405	1	1	41	6	1	2	137
0.406	1	1	41	7	1	2	137
0.407	1	1	41	8	1	2	137
0.408	1	1	41	9	1	2	137
0.409	1	1	41	10	1	2	137
0.41	1	1	42	1	1	2	137
0.411	1	1	42	2	1	2	137
0.412	1	1	42	3	1	2	137
0.413	1	1	42	4	1	2	137
0.414	1	1	42	5	1	2	137
0.415	1	1	42	6	1	2	137
0.416	1	1	42	7	1	2	137
0.417	1	1	42	8	1	2	137
0.418	1	1	42	9	1	2	137
0.419	1	1	42	10	1	2	137
0.42	1	1	43	1	1	2	137
0.421	1	1	43	2	1	2	137
0.422	1	1	43	3	1	2	137
0.423	1	1	43	4	1	2	137
0.424	1	1	43	5	1	2	137
0.425	1	1	43	6	1	2	137
0.426	1	1	43	7	1	2	137
0.427	1	1	43	8	1	2	137
0.428	1	1	43	9	1	2	137
0.429	1	1	43	10	1	2	137
0.43	1	1	44	1	1	2	137
0.431	1	1	44	2	1	2	137
0.432	1	1	44	3	1	2	137
0.433	1	1	44	4	1	2	137
0.434	1	1	44	5	1	2	137
0.435	1	1	44	6	1	2	137
0.436	1	1	44	7	1	2	137
0.437	1	1	44	8	1	2	137
0.438	1	1	44	9	1	2	137
0.439	1	1	44	10	1	2	137
0.44	1	1	45	1	1	2	137
0.441	1	1	45	2	1	2	137
0.442	1	1	45	3	1	2	137
0.443	1	1	45	4	1	2	137
0.444	1	1	45	5	1	2	137
0.445	1	1	45	6	1	2	137
0.446	1	1	45	7	1	2	137
0.447	1	1	45	8	1	2	137
0.448	1	1	45	9	1	2	137
0.449	1	1	45	10	1	2	137
0.45	1	1	46	1	1	2	137
0.451	1	1	46	2	1	2	137
0.452	1	1	46	3	1	2	137
0.453	1	1	46	4	1	2	137
0.454	1	1	46	5	1	2	137
0.455	1	1	46	6	1	2	137
0.456	1	1	46	7	1	2	137
0.457	1	1	46	8	1	2	137
0.458	1	1	46	9	1	2	137
0.459	1	1	46	10	1	2	137
0.46	1	1	47	1	1	2	137
0.461	1	1	47	2	1	2	137
0.462	1	1	47	3	1	2	137
0.463	1	1	47	4	1	2	137
0.464	1	1	47	5	1	2	137
0.465	1	1	47	6	1	2	137
0.466	1	1	47	7	1	2	137
0.467	1	1	47	8	1	2	137
0.468	1	1	47	9	1	2	137
0.469	1	1	47	10	1	2	137
0.47	1	1	48	1	1	2	137
0.471	1	1	48	2	1	2	137
0.472	1	1	48	3	1	2	137
0.473	1	1	48	4	1	2	137
0.474	1	1	48	5	1	2	137
0.475	1	1	48	6	1	2	137
0.476	1	1	48	7	1	2	137
0.477	1	1	48	8	1	2	137
0.478	1	1	48	9	1	2	137
0.479	1	1	48	10	1	2	137
0.48	1	1	49	1	1	2	137
0.481	1	1	49	2	1	2	137
0.482	1	1	49	3	1	2	137
0.483	1	1	49	4	1	2	137
0.484	1	1	49	5	1	2	137
0.485	1	1	49	6	1	2	137
0.486	1	1	49	7	1	2	137
0.487	1	1	49	8	1	2	137
0.488	1	1	49	9	1	2	137
0.489	1	1	49	10	1	2	137
0.49	1	1	50	1	1	2	137
0.491	1	1	50	2	1	2	137
0.492	1	1	50	3	1	2	137
0.493	1	1	50	4	1	2	137
0.494	1	1	50	5	1	2	137
0.495	1	1	50	6	1	2	137
0.496	1	1	50	7	1	2	137
0.497	1	1	50	8	1	2	137
0.498	1	1	50	9	1	2	137
0.499	1	1	50	10	1	2	137
0.5	1	1	51	1	1	2	137
0.501	1	1	51	2	1	2	137
0.502	1	1	51	3	1	2	137
0.503	1	1	51	4	1	2	137
0.504	1	1	51	5	1	2	137
0.505	1	1	51	6	1	2	137
0.506	1	1	51	7	1	2	137
0.507	1	1	51	8	1	2	137
0.508	1	1	51	9	1	2	137
0.509	1	1	51	10	1	2	137
0.51	1	1	52	1	1	2	137
0.511	1	1	52	2	1	2	137
0.512	1	1	52	3	1	2	137
0.513	1	1	52	4	1	2	137
0.514	1	1	52	5	1	2	137
0.515	1	1	52	6	1	2	137
0.516	1	1	52	7	1	2	137
0.517	1	1	52	8	1	2	137
0.518	1	1	52	9	1	2	137
0.519	1	1	52	10	1	2	137
0.52	1	1	53	1	1	2	137
0.521	1	1	53	2	1	2	137
0.522	1	1	53	3	1	2	137
0.523	1	1	53	4	1	2	137
0.524	1	1	53	5	1	2	137
0.525	1	1	53	6	1	2	137
0.526	1	1	53	7	1	2	137
0.527	1	1	53	8	1	2	137
0.528	1	1	53	9	1	2	137
0.529	1	1	53	10	1	2	137
0.53	1	1	54	1	1	2	137
0.531	1	1	54	2	1	2	137
0.532	1	1	54	3	1	2	137
0.533	1	1	54	4	1	2	137
0.534	1	1	54	5	1	2	137
0.535	1	1	54	6	1	2	137
0.536	1	1	54	7	1	2	137
0.537	1	1	54	8	1	2	137
0.538	1	1	54	9	1	2	137
0.539	1	1	54	10	1	2	137
0.54	1	1	55	1	1	2	137
0.541	1	1	55	2	1	2	137
0.542	1	1	55	3	1	2	137
0.543	1	1	55	4	1	2	137
0.544	1	1	55	5	1	2	137
0.545	1	1	55	6	1	2	137
0.546	1	1	55	7	1	2	137
0.547	1	1	55	8	1	2	137
0.548	1	1	55	9	1	2	137
0.549	1	1	55	10	1	2	137
0.55	1	1	56	1	1	2	137
0.551	1	1	56	2	1	2	137
0.552	1	1	56	3	1	2	137
0.553	1	1	56	4	1	2	137
0.554	1	1	56	5	1	2	137
0.555	1	1	56	6	1	2	137
0.556	1	1	56	7	1	2	137
0.557	1	1	56	8	1	2	137
0.558	1	1	56	9	1	2	137
0.559	1	1	56	10	1	2	137
0.56	1	1	57	1	1	2	137
0.561	1	1	57	2	1	2	137
0.562	1	1	57	3	1	2	137
0.563	1	1	57	4	1	2	137
0.564	1	1	57	5	1	2	137
0.565	1	1	57	6	1	2	137
0.566	1	1	57	7	1	2	137
0.567	1	1	57	8	1	2	137
0.568	1	1	57	9	1	2	137
0.569	1	1	57	10	1	2	137
0.57	1	1	58	1	1	2	137
0.571	1	1	58	2	1	2	137
0.572	1	1	58	3	1	2	137
0.573	1	1	58	4	1	2	137
0.574	1	1	58	5	1	2	137
0.575	1	1	58	6	1	2	137
0.576	1	1	58	7	1	2	137
0.577	1	1	58	8	1	2	137
